0.0 0.0 -49.039486645003976
0.0 0.5 -49.039486645003976
0.0 1.0 -49.039486645003976
0.0 1.5 -49.039486645003976
0.0 2.0 -49.039486645003976
0.0 2.5 -49.039486645003976
0.0 3.0 -47.172966568386755
0.0 3.5 -41.71426916912924
0.0 4.0 -38.2465652253948
0.0 4.5 -33.031876775854016
0.0 5.0 -29.24679890481538
0.0 5.5 -34.890628563573216
0.0 6.0 -40.22588844767587
0.0 6.5 -45.16418814874645
0.0 7.0 -52.856795832281534
0.0 7.5 -47.78374592199748
0.0 8.0 -39.62256799635923
0.0 8.5 -21.367209403822965
0.0 9.0 6.5911199958005415
0.0 9.5 6.5911199958005415
0.0 10.0 6.5911199958005415
0.5 0.0 -49.039486645003976
0.5 0.5 -49.039486645003976
0.5 1.0 -49.039486645003976
0.5 1.5 -49.039486645003976
0.5 2.0 -49.039486645003976
0.5 2.5 -49.039486645003976
0.5 3.0 -47.2827344980592
0.5 3.5 -42.13014154064886
0.5 4.0 -38.85909661821875
0.5 4.5 -33.606380631792696
0.5 5.0 -29.431001132811467
0.5 5.5 -34.42559893946973
0.5 6.0 -39.566837093636536
0.5 6.5 -44.62447038347334
0.5 7.0 -53.032929979282926
0.5 7.5 -47.55996046772705
0.5 8.0 -39.12495037681619
0.5 8.5 -20.82365170162641
0.5 9.0 6.591119995800541
0.5 9.5 6.5911199958005415
0.5 10.0 6.591119995800541
1.0 0.0 -49.039486645003976
1.0 0.5 -49.039486645003976
1.0 1.0 -49.039486645003976
1.0 1.5 -49.039486645003976
1.0 2.0 -49.039486645003976
1.0 2.5 -49.039486645003976
1.0 3.0 -47.374663446366654
1.0 3.5 -42.48880581360438
1.0 4.0 -39.402698019336384
1.0 4.5 -34.128133325574396
1.0 5.0 -29.611698733178994
1.0 5.5 -34.016724864988475
1.0 6.0 -38.95241863154278
1.0 6.5 -44.09558843867836
1.0 7.0 -53.20402011335312
1.0 7.5 -47.3500705563397
1.0 8.0 -38.6790322366428
1.0 8.5 -20.356814012087824
1.0 9.0 6.5911199958005415
1.0 9.5 6.5911199958005415
1.0 10.0 6.5911199958005415
1.5 0.0 -49.039486645003976
1.5 0.5 -49.039486645003976
1.5 1.0 -49.039486645003976
1.5 1.5 -49.039486645003976
1.5 2.0 -49.03948664500397
1.5 2.5 -49.039486645003976
1.5 3.0 -47.45277527074594
1.5 3.5 -42.801306780435254
1.5 4.0 -39.888384970348355
1.5 4.5 -34.60408138824382
1.5 5.0 -29.786936245576285
1.5 5.5 -33.65428555768809
1.5 6.0 -38.37823229194258
1.5 6.5 -43.57777891144119
1.5 7.0 -53.37037467987776
1.5 7.5 -47.15296041654892
1.5 8.0 -38.27720776196891
1.5 8.5 -19.951524199562197
1.5 9.0 6.5911199958005415
1.5 9.5 6.5911199958005415
1.5 10.0 6.591119995800541
2.0 0.0 0.0
2.0 0.5 0.0
2.0 1.0 0.0
2.0 1.5 0.0
2.0 2.0 0.0
2.0 2.5 0.0
2.0 3.0 0.0
2.0 3.5 0.0
2.0 4.0 0.0
2.0 4.5 0.0
2.0 5.0 0.0
2.0 5.5 0.0
2.0 6.0 0.0
2.0 6.5 0.0
2.0 7.0 0.0
2.0 7.5 0.0
2.0 8.0 0.0
2.0 8.5 0.0
2.0 9.0 0.0
2.0 9.5 0.0
2.0 10.0 0.0
2.5 0.0 0.0
2.5 0.5 0.0
2.5 1.0 0.0
2.5 1.5 0.0
2.5 2.0 0.0
2.5 2.5 0.0
2.5 3.0 0.0
2.5 3.5 0.0
2.5 4.0 0.0
2.5 4.5 0.0
2.5 5.0 0.0
2.5 5.5 0.0
2.5 6.0 0.0
2.5 6.5 0.0
2.5 7.0 0.0
2.5 7.5 0.0
2.5 8.0 0.0
2.5 8.5 0.0
2.5 9.0 0.0
2.5 9.5 0.0
2.5 10.0 0.0
3.0 0.0 0.0
3.0 0.5 0.0
3.0 1.0 0.0
3.0 1.5 0.0
3.0 2.0 0.0
3.0 2.5 0.0
3.0 3.0 0.0
3.0 3.5 0.0
3.0 4.0 0.0
3.0 4.5 0.0
3.0 5.0 0.0
3.0 5.5 0.0
3.0 6.0 0.0
3.0 6.5 0.0
3.0 7.0 0.0
3.0 7.5 0.0
3.0 8.0 0.0
3.0 8.5 0.0
3.0 9.0 0.0
3.0 9.5 0.0
3.0 10.0 0.0
3.5 0.0 0.0
3.5 0.5 0.0
3.5 1.0 0.0
3.5 1.5 0.0
3.5 2.0 0.0
3.5 2.5 0.0
3.5 3.0 0.0
3.5 3.5 0.0
3.5 4.0 0.0
3.5 4.5 0.0
3.5 5.0 0.0
3.5 5.5 0.0
3.5 6.0 0.0
3.5 6.5 0.0
3.5 7.0 0.0
3.5 7.5 0.0
3.5 8.0 0.0
3.5 8.5 0.0
3.5 9.0 0.0
3.5 9.5 0.0
3.5 10.0 0.0
4.0 0.0 0.0
4.0 0.5 0.0
4.0 1.0 0.0
4.0 1.5 0.0
4.0 2.0 0.0
4.0 2.5 0.0
4.0 3.0 0.0
4.0 3.5 0.0
4.0 4.0 0.0
4.0 4.5 0.0
4.0 5.0 0.0
4.0 5.5 0.0
4.0 6.0 0.0
4.0 6.5 0.0
4.0 7.0 0.0
4.0 7.5 0.0
4.0 8.0 0.0
4.0 8.5 0.0
4.0 9.0 0.0
4.0 9.5 0.0
4.0 10.0 0.0
4.5 0.0 0.0
4.5 0.5 0.0
4.5 1.0 0.0
4.5 1.5 0.0
4.5 2.0 0.0
4.5 2.5 0.0
4.5 3.0 0.0
4.5 3.5 0.0
4.5 4.0 0.0
4.5 4.5 0.0
4.5 5.0 0.0
4.5 5.5 0.0
4.5 6.0 0.0
4.5 6.5 0.0
4.5 7.0 0.0
4.5 7.5 0.0
4.5 8.0 0.0
4.5 8.5 0.0
4.5 9.0 0.0
4.5 9.5 0.0
4.5 10.0 0.0
5.0 0.0 -27.485844517461576
5.0 0.5 -27.485844517461583
5.0 1.0 -27.485844517461576
5.0 1.5 -27.48584451746158
5.0 2.0 -27.48584451746158
5.0 2.5 -27.48584451746158
5.0 3.0 -23.605214309902543
5.0 3.5 -12.219294540840805
5.0 4.0 -5.048130120476184
5.0 4.5 7.492013561663718
5.0 5.0 22.106344608087316
5.0 5.5 29.85445279256792
5.0 6.0 34.19794343530418
5.0 6.5 35.479886038875485
5.0 7.0 27.65993084244097
5.0 7.5 35.196061689061004
5.0 8.0 47.160913637142045
5.0 8.5 73.73911588194724
5.0 9.0 104.65093150130053
5.0 9.5 104.65093150130055
5.0 10.0 104.65093150130053
5.5 0.0 -27.47359567296334
5.5 0.5 -27.47340311184625
5.5 1.0 -27.473186553593802
5.5 1.5 -27.472941214302793
5.5 2.0 -27.472660947976273
5.5 2.5 -27.472337724595562
5.5 3.0 -23.170116579769005
5.5 3.5 -10.55450178323951
5.5 4.0 -2.5508390122394573
5.5 4.5 10.362417499594788
5.5 5.0 24.74138224321443
5.5 5.5 31.871422637585418
5.5 6.0 36.04381362014831
5.5 6.5 37.72489566191017
5.5 7.0 31.07650289882317
5.5 7.5 38.125380186424586
5.5 8.0 49.94864129885964
5.5 8.5 77.13027761492069
5.5 9.0 109.00329093153915
5.5 9.5 108.91155441682808
5.5 10.0 108.83194432651604
6.0 0.0 -27.465326499525094
6.0 0.5 -27.46485105739226
6.0 1.0 -27.46432422519623
6.0 1.5 -27.463737194858226
6.0 2.0 -27.463079023430883
6.0 2.5 -27.46233594457623
6.0 3.0 -22.690003187479054
6.0 3.5 -8.774987141887948
6.0 4.0 0.031127307010255123
6.0 4.5 13.136263138636208
6.0 5.0 26.984247704538912
6.0 5.5 33.1649304604166
6.0 6.0 37.00957316976101
6.0 6.5 39.03384267372088
6.0 7.0 33.513313333015475
6.0 7.5 40.021471365877254
6.0 8.0 51.56380845775793
6.0 8.5 79.17771985747306
6.0 9.0 112.07714377359922
6.0 9.5 111.85532477668119
6.0 10.0 111.65930094237278
6.5 0.0 -27.46354246063587
6.5 0.5 -27.462751312593298
6.5 1.0 -27.461888980077944
6.5 1.5 -27.460945403152902
6.5 2.0 -27.459908532582524
6.5 2.5 -27.458763812543168
6.5 3.0 -22.11089945459921
6.5 3.5 -6.7454461027698045
6.5 4.0 2.8212781930353437
6.5 4.5 15.7821624398752
6.5 5.0 28.5224908544911
6.5 5.5 33.09023454394175
6.5 6.0 36.25121644891521
6.5 6.5 38.41623877747064
6.5 7.0 34.07987840880977
6.5 7.5 39.97504347050709
6.5 8.0 51.04196518845583
6.5 8.5 78.83026391265702
6.5 9.0 112.96314250684662
6.5 9.5 112.60247996228483
6.5 10.0 112.27728533091442
7.0 0.0 -27.450277711015072
7.0 0.5 -27.449560090235394
7.0 1.0 -27.448787245610667
7.0 1.5 -27.44795254750195
7.0 2.0 -27.44704826084803
7.0 2.5 -27.44606530474681
7.0 3.0 -22.240072828441022
7.0 3.5 -7.133038567403114
7.0 4.0 2.396215708728727
7.0 4.5 15.90528033618005
7.0 5.0 29.794912414495535
7.0 5.5 35.83717083038012
7.0 6.0 39.808417155067666
7.0 6.5 42.220575516827154
7.0 7.0 37.43908285452508
7.0 7.5 43.773836614360846
7.0 8.0 55.32724094644279
7.0 8.5 83.61831473889163
7.0 9.0 117.4125363502591
7.0 9.5 117.09085269448752
7.0 10.0 116.7965380675668
7.5 0.0 -27.425611724636873
7.5 0.5 -27.425481496542066
7.5 1.0 -27.425341431956955
7.5 1.5 -27.425190372674006
7.5 2.0 -27.425026971225027
7.5 2.5 -27.42484965057618
7.5 3.0 -22.31670220819256
7.5 3.5 -7.370614873729593
7.5 4.0 2.1323514942802753
7.5 4.5 16.46858733112426
7.5 5.0 32.05473630390241
7.5 5.5 40.284263209341404
7.5 6.0 45.43498219201282
7.5 6.5 48.090156438671336
7.5 7.0 42.647543999150884
7.5 7.5 49.871539601961295
7.5 8.0 62.351426730687045
7.5 8.5 91.65683450696395
7.5 9.0 125.29755493879236
7.5 9.5 125.23928603386759
7.5 10.0 125.18588926489141
8.0 0.0 -27.39662123782535
8.0 0.5 -27.39707878366673
8.0 1.0 -27.39757642254026
8.0 1.5 -27.39811966571582
8.0 2.0 -27.39871508309079
8.0 2.5 -27.39937057019385
8.0 3.0 -21.97141368105568
8.0 3.5 -6.139913268896667
8.0 4.0 3.847247752780911
8.0 4.5 18.994204508513423
8.0 5.0 35.63174226558777
8.0 5.5 45.04558103045131
8.0 6.0 50.916779759832195
8.0 6.5 53.86132280737116
8.0 7.0 48.49742848493112
8.0 7.5 56.362960281261856
8.0 8.0 69.58788336097562
8.0 8.5 100.21093058842362
8.0 9.0 134.65338352896362
8.0 9.5 134.8613358640608
8.0 10.0 135.04933090242395
8.5 0.0 -27.368470896136042
8.5 0.5 -27.368898005108676
8.5 1.0 -27.36937362814334
8.5 1.5 -27.369906528810382
8.5 2.0 -27.370507716650064
8.5 2.5 -27.37119121593832
8.5 3.0 -21.20920642856812
8.5 3.5 -3.3734471513442763
8.5 4.0 7.78200827154631
8.5 4.5 23.653533929587276
8.5 5.0 40.48537829813546
8.5 5.5 49.82954714818717
8.5 6.0 55.87680917518289
8.5 6.5 59.335969568323854
8.5 7.0 55.01522709973362
8.5 7.5 62.85675092384634
8.5 8.0 76.34733070344475
8.5 8.5 108.33670664734473
8.5 9.0 144.26879113998976
8.5 9.5 144.4694545900109
8.5 10.0 144.645711992332
9.0 0.0 -27.35477743717079
9.0 0.5 -27.354777437170785
9.0 1.0 -27.35477743717079
9.0 1.5 -27.35477743717079
9.0 2.0 -27.354777437170792
9.0 2.5 -27.35477743717079
9.0 3.0 -20.37601126847826
9.0 3.5 -0.34938769179556317
9.0 4.0 12.126285384030059
9.0 4.5 28.15506391922386
9.0 5.0 44.14312937501053
9.0 5.5 52.2230745252006
9.0 6.0 57.79383090721898
9.0 6.5 61.63591442899908
9.0 7.0 58.756234012987896
9.0 7.5 65.9806040045742
9.0 8.0 79.21730967246981
9.0 8.5 111.98668792002123
9.0 9.0 149.3263539799177
9.0 9.5 149.3263539799177
9.0 10.0 149.3263539799177
9.5 0.0 -27.35477743717079
9.5 0.5 -27.35477743717079
9.5 1.0 -27.35477743717079
9.5 1.5 -27.35477743717079
9.5 2.0 -27.35477743717079
9.5 2.5 -27.35477743717079
9.5 3.0 -19.904335160805253
9.5 3.5 1.2217540236241504
9.5 4.0 14.186182625050481
9.5 4.5 29.924171738844525
9.5 5.0 44.95736756976502
9.5 5.5 51.803403002801204
9.5 6.0 56.71212908014722
9.5 6.5 60.38785083531464
9.5 7.0 58.160848097980676
9.5 7.5 65.15882895974254
9.5 8.0 78.20463946805397
9.5 8.5 111.15366911279219
9.5 9.0 149.3263539799177
9.5 9.5 149.3263539799177
9.5 10.0 149.3263539799177
10.0 0.0 -27.35477743717079
10.0 0.5 -27.35477743717079
10.0 1.0 -27.35477743717079
10.0 1.5 -27.354777437170785
10.0 2.0 -27.35477743717079
10.0 2.5 -27.35477743717079
10.0 3.0 -20.4463930455655
10.0 3.5 -0.589324262836108
10.0 4.0 11.805428885039206
10.0 4.5 27.87554682297987
10.0 5.0 44.012186615797205
10.0 5.5 52.288439291432894
10.0 6.0 57.96733085584886
10.0 6.5 61.83609237461741
10.0 7.0 58.847261649365095
10.0 7.5 66.10831789830621
10.0 8.0 79.37396141354853
10.0 8.5 112.1135065343526
10.0 9.0 149.3263539799177
10.0 9.5 149.3263539799177
10.0 10.0 149.3263539799177
