0.0 0.0 10.960513354996024
0.0 0.5 10.460513354996024
0.0 1.0 9.960513354996024
0.0 1.5 9.460513354996024
0.0 2.0 8.960513354996024
0.0 2.5 8.460513354996031
0.0 3.0 9.827033431613245
0.0 3.5 2.9285879737279004
0.0 4.0 -0.24656522539480363
0.0 4.5 2.134789890812648
0.0 5.0 5.753201095184622
0.0 5.5 1.8820987091540573
0.0 6.0 -0.2258884476758709
0.0 6.5 -0.16418814874644738
0.0 7.0 -2.8567958322815414
0.0 7.5 7.216254078002521
0.0 8.0 20.37743200364077
0.0 8.5 -6.767209403822967
0.0 9.0 -13.408880004199458
0.0 9.5 -14.408880004199458
0.0 10.0 -15.408880004199458
0.5 0.0 12.460513354996024
0.5 0.5 11.960513354996017
0.5 1.0 11.460513354996024
0.5 1.5 10.960513354996024
0.5 2.0 10.460513354996024
0.5 2.5 9.960513354996024
0.5 3.0 11.217265501940801
0.5 3.5 3.7698584593511413
0.5 4.0 -0.60909661821875
0.5 4.5 1.0007622253501651
0.5 5.0 4.604210134794165
0.5 5.5 1.2931510605302705
0.5 6.0 -0.5668370936365363
0.5 6.5 -0.6244703834733372
0.5 7.0 -4.032929979282926
0.5 7.5 6.440039532272948
0.5 8.0 19.875049623183813
0.5 8.5 -6.667401701626412
0.5 9.0 -12.90888000419946
0.5 9.5 -13.908880004199458
0.5 10.0 -14.90888000419946
1.0 0.0 13.960513354996024
1.0 0.5 13.460513354996024
1.0 1.0 12.960513354996024
1.0 1.5 12.460513354996024
1.0 2.0 11.960513354996024
1.0 2.5 11.460513354996024
1.0 3.0 12.625336553633346
1.0 3.5 4.584470048464588
1.0 4.0 -0.902698019336384
1.0 4.5 -0.03438332557439594
1.0 5.0 3.510252486333197
1.0 5.5 0.6774240711817328
1.0 6.0 -0.952418631542777
1.0 6.5 -1.0955884386783623
1.0 7.0 -5.204020113353117
1.0 7.5 5.649929443660305
1.0 8.0 19.320967763357203
1.0 8.5 -6.535385440659253
1.0 9.0 -12.408880004199458
1.0 9.5 -13.408880004199458
1.0 10.0 -14.408880004199458
1.5 0.0 -29.039486645003976
1.5 0.5 -28.28948664500398
1.5 1.0 -27.53948664500398
1.5 1.5 -26.789486645003972
1.5 2.0 -26.039486645003965
1.5 2.5 -25.289486645003972
1.5 3.0 -22.952775270745942
1.5 3.5 -23.431988598617075
1.5 4.0 -23.263384970348355
1.5 4.5 -18.270748054910484
1.5 5.0 -11.722420116544026
1.5 5.5 -12.435535557688091
1.5 6.0 -13.128232291942581
1.5 6.5 -13.827778911441193
1.5 7.0 -19.120374679877763
1.5 7.5 -8.402960416548922
1.5 8.0 4.97279223803109
1.5 8.5 16.982069550437803
1.5 9.0 39.09111999580054
1.5 9.5 41.59111999580053
1.5 10.0 44.09111999580054
2.0 0.0 -26.0
2.0 0.5 -24.0
2.0 1.0 -22.0
2.0 1.5 -20.0
2.0 2.0 -18.0
2.0 2.5 -16.0
2.0 3.0 -14.0
2.0 3.5 -10.931034482758621
2.0 4.0 -7.0
2.0 4.5 -2.5
2.0 5.0 2.292682926829268
2.0 5.5 7.170212765957446
2.0 6.0 12.0
2.0 6.5 16.0
2.0 7.0 20.0
2.0 7.5 24.000000000000004
2.0 8.0 28.0
2.0 8.5 58.714285714285715
2.0 9.0 82.0
2.0 9.5 88.0
2.0 10.0 94.0
2.5 0.0 -27.5
2.5 0.5 -25.5
2.5 1.0 -23.5
2.5 1.5 -21.5
2.5 2.0 -19.5
2.5 2.5 -17.5
2.5 3.0 -15.499999999999998
2.5 3.5 -12.4
2.5 4.0 -8.5
2.5 4.5 -4.071428571428572
2.5 5.0 0.6690140845070424
2.5 5.5 5.5625
2.5 6.0 10.5
2.5 6.5 14.5
2.5 7.0 18.5
2.5 7.5 22.5
2.5 8.0 26.5
2.5 8.5 57.083333333333336
2.5 9.0 80.5
2.5 9.5 86.5
2.5 10.0 92.5
3.0 0.0 -29.0
3.0 0.5 -27.0
3.0 1.0 -25.0
3.0 1.5 -23.0
3.0 2.0 -21.0
3.0 2.5 -19.0
3.0 3.0 -17.0
3.0 3.5 -13.857142857142858
3.0 4.0 -10.0
3.0 4.5 -5.666666666666667
3.0 5.0 -1.0000000000000002
3.0 5.5 3.9090909090909096
3.0 6.0 9.0
3.0 6.5 13.0
3.0 7.0 17.0
3.0 7.5 21.0
3.0 8.0 24.999999999999996
3.0 8.5 55.4
3.0 9.0 79.0
3.0 9.5 85.0
3.0 10.0 91.0
3.5 0.0 -30.5
3.5 0.5 -28.5
3.5 1.0 -26.5
3.5 1.5 -24.5
3.5 2.0 -22.5
3.5 2.5 -20.5
3.5 3.0 -18.5
3.5 3.5 -15.400000000000002
3.5 4.0 -11.5
3.5 4.5 -7.071428571428572
3.5 5.0 -2.3309859154929575
3.5 5.5 2.5625000000000004
3.5 6.0 7.5
3.5 6.5 11.5
3.5 7.0 15.5
3.5 7.5 19.5
3.5 8.0 23.5
3.5 8.5 54.08333333333333
3.5 9.0 77.5
3.5 9.5 83.5
3.5 10.0 89.5
4.0 0.0 -32.0
4.0 0.5 -30.000000000000004
4.0 1.0 -28.0
4.0 1.5 -26.0
4.0 2.0 -24.0
4.0 2.5 -22.000000000000004
4.0 3.0 -20.0
4.0 3.5 -16.931034482758623
4.0 4.0 -13.0
4.0 4.5 -8.5
4.0 5.0 -3.7073170731707314
4.0 5.5 1.1702127659574468
4.0 6.0 6.0
4.0 6.5 10.0
4.0 7.0 14.0
4.0 7.5 18.0
4.0 8.0 22.0
4.0 8.5 52.71428571428572
4.0 9.0 76.0
4.0 9.5 82.0
4.0 10.0 88.0
4.5 0.0 -12.333333333333334
4.5 0.5 -11.464285714285719
4.5 1.0 -10.567073170731708
4.5 1.5 -9.64655172413793
4.5 2.0 -8.706521739130435
4.5 2.5 -7.749999999999998
4.5 3.0 -6.779411764705883
4.5 3.5 -8.325209747662353
4.5 4.0 -9.116071428571429
4.5 4.5 -9.073065880464313
4.5 5.0 -8.316907546243801
4.5 5.5 -7.05566457929088
4.5 6.0 -5.5
4.5 6.5 -3.3536585365853666
4.5 7.0 -1.1956521739130423
4.5 7.5 0.9705882352941186
4.5 8.0 3.142857142857144
4.5 8.5 14.039237110514424
4.5 9.0 22.25
4.5 9.5 24.646551724137925
4.5 10.0 26.666666666666668
5.0 0.0 2.514155482538424
5.0 0.5 1.5141554825384134
5.0 1.0 0.5141554825384276
5.0 1.5 -0.48584451746157953
5.0 2.0 -1.4858445174615795
5.0 2.5 -2.4858445174615795
5.0 3.0 0.39478569009745357
5.0 3.5 -0.1965672681135331
5.0 4.0 -4.548130120476184
5.0 4.5 -2.063541993891837
5.0 5.0 4.364409124216344
5.0 5.5 5.729452792567919
5.0 6.0 5.1979434353041825
5.0 6.5 4.479886038875485
5.0 7.0 -5.340069157559029
5.0 7.5 0.19606168906100407
5.0 8.0 10.160913637142045
5.0 8.5 3.051615881947228
5.0 9.0 10.650931501300548
5.0 9.5 7.650931501300548
5.0 10.0 4.6509315013005335
5.5 0.0 2.5264043270366585
5.5 0.5 1.526596888153751
5.5 1.0 0.526813446406198
5.5 1.5 -0.4729412143027929
5.5 2.0 -1.472660947976273
5.5 2.5 -2.4723377245955653
5.5 3.0 0.8298834202309955
5.5 3.5 0.4283611199862971
5.5 4.0 -3.800839012239458
5.5 4.5 -1.4684648533463918
5.5 5.0 4.278525100357285
5.5 5.5 4.618328578179479
5.5 6.0 3.5438136201483132
5.5 6.5 3.2248956619101676
5.5 7.0 -5.423497101176832
5.5 7.5 -0.3746198135754142
5.5 8.0 9.448641298859641
5.5 8.5 0.8677776149206835
5.5 9.0 8.003290931539155
5.5 9.5 4.911554416828082
5.5 10.0 1.8319443265160373
6.0 0.0 2.5346735004749057
6.0 0.5 1.5351489426077407
6.0 1.0 0.5356757748037708
6.0 1.5 -0.4637371948582256
6.0 2.0 -1.4630790234308826
6.0 2.5 -2.4623359445762283
6.0 3.0 1.30999681252095
6.0 3.5 1.1301852719051588
6.0 4.0 -2.9688726929897453
6.0 4.5 -0.9262368613637921
6.0 5.0 3.862296485026718
6.0 5.5 2.8298240774378733
6.0 6.0 1.009573169761012
6.0 6.5 1.0338426737208835
6.0 7.0 -6.486686666984525
6.0 7.5 -1.9785286341227462
6.0 8.0 7.563808457757929
6.0 8.5 -2.6437087139555047
6.0 9.0 4.077143773599218
6.0 9.5 0.8553247766811864
6.0 10.0 -2.3406990576272193
6.5 0.0 2.536457539364129
6.5 0.5 1.5372486874066986
6.5 1.0 0.5381110199220558
6.5 1.5 -0.4609454031529019
6.5 2.0 -1.4599085325825207
6.5 2.5 -2.458763812543168
6.5 3.0 1.8891005454007903
6.5 3.5 2.0358038972301973
6.5 4.0 -1.9287218069646572
6.5 4.5 -0.4595042267914664
6.5 5.0 2.816608501549922
6.5 5.5 -0.2696792491617046
6.5 6.0 -3.2487835510847916
6.5 6.5 -3.083761222529361
6.5 7.0 -9.420121591190231
6.5 7.5 -5.524956529492911
6.5 8.0 3.5419651884558334
6.5 8.5 -8.530313010419903
6.5 9.0 -2.036857493153377
6.5 9.5 -5.397520037715168
6.5 10.0 -8.722714669085576
7.0 0.0 2.5497222889849276
7.0 0.5 1.5504399097646058
7.0 1.0 0.5512127543893364
7.0 1.5 -0.4479525475019486
7.0 2.0 -1.4470482608480317
7.0 2.5 -2.44606530474681
7.0 3.0 1.759927171558978
7.0 3.5 0.4669614325968885
7.0 4.0 -4.103784291271273
7.0 4.5 -2.4518625209628038
7.0 5.0 1.5977293159039867
7.0 5.5 -0.4753291696198829
7.0 6.0 -3.1915828449323342
7.0 6.5 -2.7794244831728463
7.0 7.0 -9.560917145474917
7.0 7.5 -5.226163385639154
7.0 8.0 4.327240946442785
7.0 8.5 -9.256685261108373
7.0 9.0 -4.587463649740897
7.0 9.5 -7.909147305512462
7.0 10.0 -11.2034619324332
7.5 0.0 2.574388275363127
7.5 0.5 1.5745185034579343
7.5 1.0 0.5746585680430449
7.5 1.5 -0.4251903726740096
7.5 2.0 -1.4250269712250265
7.5 2.5 -2.4248496505761814
7.5 3.0 1.683297791807444
7.5 3.5 -1.024147482425243
7.5 4.0 -6.117648505719725
7.5 4.5 -3.925643438106505
7.5 5.0 1.4822172199329415
7.5 5.5 1.1121741682455095
7.5 6.0 -1.0650178079871822
7.5 6.5 -0.40984356132865685
7.5 7.0 -7.852456000849116
7.5 7.5 -2.6284603980387047
7.5 8.0 7.851426730687045
7.5 8.5 -6.7011200384906005
7.5 9.0 -3.7024450612076407
7.5 9.5 -6.760713966132414
7.5 10.0 -9.814110735108585
8.0 0.0 2.60337876217465
8.0 0.5 1.6029212163332716
8.0 1.0 0.6024235774597386
8.0 1.5 -0.39811966571582147
8.0 2.0 -1.3987150830907886
8.0 2.5 -2.399370570193849
8.0 3.0 2.0285863189443205
8.0 3.5 -1.1399132688966649
8.0 4.0 -6.152752247219091
8.0 4.5 -3.339128824819909
8.0 5.0 2.8317422655877635
8.0 5.5 3.136490121360403
8.0 6.0 0.9167797598321954
8.0 6.5 1.8613228073711596
8.0 7.0 -5.50257151506888
8.0 7.5 0.36296028126185576
8.0 8.0 11.587883360975624
8.0 8.5 -3.5890694115763893
8.0 9.0 -1.3466164710363842
8.0 9.5 -4.1386641359391945
8.0 10.0 -6.9506690975760534
8.5 0.0 2.631529103863958
8.5 0.5 1.6311019948913241
8.5 1.0 0.6306263718566605
8.5 1.5 -0.369906528810386
8.5 2.0 -1.3705077166500637
8.5 2.5 -2.371191215938321
8.5 3.0 2.790793571431884
8.5 3.5 1.0137811095252909
8.5 4.0 -3.96799172845369
8.5 4.5 -1.452235301181954
8.5 5.0 4.248737076761408
8.5 5.5 4.244786874214562
8.5 6.0 2.376809175182892
8.5 6.5 3.835969568323847
8.5 7.0 -2.4847729002663783
8.5 7.5 3.3567509238463415
8.5 8.0 14.847330703444754
8.5 8.5 -1.2371569890189136
8.5 9.0 1.2687911399897587
8.5 9.5 -1.530545409989088
8.5 10.0 -4.3542880076680035
9.0 0.0 2.645222562829211
9.0 0.5 1.6452225628292148
9.0 1.0 0.6452225628292148
9.0 1.5 -0.3547774371707888
9.0 2.0 -1.3547774371707924
9.0 2.5 -2.354777437170789
9.0 3.0 3.6239887315217416
9.0 3.5 3.4006123082044413
9.0 4.0 -1.3737146159699414
9.0 4.5 0.2979210620810022
9.0 5.0 4.509326558109123
9.0 5.5 3.0043245252005946
9.0 6.0 0.7938309072189824
9.0 6.5 2.6359144289990795
9.0 7.0 -2.243765987012104
9.0 7.5 2.9806040045742037
9.0 8.0 14.21730967246981
9.0 8.5 -3.3466454133121033
9.0 9.0 -0.6736460200822876
9.0 9.5 -3.6736460200822876
9.0 10.0 -6.673646020082288
9.5 0.0 2.645222562829211
9.5 0.5 1.6452225628292076
9.5 1.0 0.6452225628292112
9.5 1.5 -0.3547774371707888
9.5 2.0 -1.3547774371707852
9.5 2.5 -2.354777437170789
9.5 3.0 4.095664839194747
9.5 3.5 4.315504023624151
9.5 4.0 -1.0638173749495206
9.5 4.5 -0.6674949278221405
9.5 5.0 1.957367569765026
9.5 5.5 -1.0177176868539775
9.5 6.0 -3.7878709198527787
9.5 6.5 -2.1121491646853627
9.5 7.0 -6.339151902019324
9.5 7.5 -1.3411710402574641
9.5 8.0 9.70463946805397
9.5 8.5 -9.928061656438587
9.5 9.0 -7.673646020082288
9.5 9.5 -10.673646020082288
9.5 10.0 -13.673646020082288
10.0 0.0 2.645222562829211
10.0 0.5 1.6452225628292112
10.0 1.0 0.6452225628292112
10.0 1.5 -0.35477743717078525
10.0 2.0 -1.3547774371707888
10.0 2.5 -2.354777437170789
10.0 3.0 3.5536069544345033
10.0 3.5 1.8330895302673462
10.0 4.0 -5.194571114960798
10.0 4.5 -5.436953177020129
10.0 5.0 -2.3292767988369434
10.0 5.5 -4.110496878779863
10.0 6.0 -6.032669144151143
10.0 6.5 -4.163907625382592
10.0 7.0 -9.152738350634905
10.0 7.5 -3.891682101693789
10.0 8.0 7.373961413548528
10.0 8.5 -14.707922037075974
10.0 9.0 -14.673646020082288
10.0 9.5 -17.673646020082288
10.0 10.0 -20.673646020082288
